100 100 20
12 18 11 18 02 13 06 15 19 15 19 17 03 12 15 12 15 06 16 19 08 09 09 07 19 15 02 07 04 13 12 07 03 02 04 16 06 01 02 05 15 01 13 18 12 08 09 07 13 17 17 20 05 06 18 15 12 20 14 15 04 05 13 18 18 08 14 03 09 15 19 03 07 12 20 19 19 01 17 03 09 05 03 13 10 12 20 14 11 13 20 07 09 13 04 18 20 09 12 08 
16 11 11 14 02 02 12 12 14 20 14 02 05 08 07 06 20 06 11 02 10 11 20 18 03 04 07 14 04 18 02 11 08 04 05 01 17 08 12 11 20 18 04 16 05 02 13 16 19 04 10 08 14 09 17 16 04 03 09 08 01 02 10 20 17 06 01 14 14 04 16 05 01 11 20 18 13 12 13 11 15 02 19 08 11 07 15 14 02 16 13 02 09 15 13 06 20 13 11 05 
17 18 09 17 08 08 14 20 20 19 11 06 20 01 14 02 19 20 08 20 15 20 13 16 06 06 01 06 10 03 10 06 20 19 15 07 18 20 19 17 18 09 15 10 01 20 03 19 19 10 11 06 02 03 01 07 20 13 12 10 15 14 15 06 12 01 04 09 01 02 18 10 02 12 11 14 11 14 13 01 03 15 18 16 17 18 03 17 02 06 06 08 19 12 13 02 13 09 03 05 
10 20 14 04 03 05 17 05 10 01 17 04 15 15 20 04 12 14 20 06 11 17 13 10 20 18 03 04 06 05 08 07 16 14 10 10 10 07 14 19 07 11 02 14 05 13 17 08 06 08 05 17 16 18 18 15 07 12 19 12 17 18 18 04 03 08 14 12 06 19 02 12 01 16 05 17 08 13 05 06 20 01 14 15 18 11 10 04 02 20 07 10 09 05 06 12 04 11 15 09 
09 17 12 10 12 09 18 19 01 14 16 01 15 09 15 12 19 16 08 13 07 14 14 16 10 19 19 13 01 13 01 10 09 05 11 12 13 08 11 13 02 06 13 16 15 20 19 05 07 18 09 14 12 15 01 01 13 11 14 06 03 06 15 04 10 17 15 14 16 17 07 09 15 11 16 01 02 15 17 09 12 06 14 15 20 06 16 04 16 01 09 10 18 15 13 20 03 20 13 19 
08 11 07 14 02 03 14 15 09 03 03 12 20 08 07 11 13 14 06 08 14 07 10 03 01 02 02 16 13 07 14 01 17 12 14 10 06 20 05 14 02 19 18 13 07 04 03 11 17 08 11 02 14 20 04 07 01 18 02 06 04 07 18 12 18 03 02 16 02 06 01 15 16 18 07 02 01 01 05 09 09 15 10 02 14 06 08 06 03 01 11 18 07 08 09 17 11 10 12 04 
07 12 19 03 10 17 16 02 18 20 11 18 14 20 19 07 05 19 13 07 19 15 04 06 03 05 14 05 14 05 08 13 16 18 15 17 07 02 19 16 02 09 13 07 08 03 06 05 13 10 03 12 04 19 09 18 03 02 14 08 18 02 20 13 11 06 10 09 08 08 04 01 08 08 07 07 11 04 11 03 13 14 06 09 04 06 18 06 19 12 13 16 05 05 01 15 10 10 16 17 
09 19 17 08 07 16 14 09 11 05 03 16 10 01 04 05 06 13 10 17 04 14 12 08 18 04 15 08 13 10 16 13 20 13 20 18 20 06 06 02 02 01 17 11 01 12 15 18 05 16 14 08 01 18 08 19 01 14 18 06 03 13 10 02 17 02 12 08 07 09 10 08 09 06 10 01 18 16 19 02 11 04 01 03 13 20 01 14 13 10 11 15 03 20 09 19 13 12 07 11 
20 08 18 09 13 19 09 02 14 19 03 16 15 16 19 07 15 11 12 20 01 02 06 15 14 06 05 06 17 11 09 17 10 18 05 03 17 05 04 02 16 19 10 10 06 20 16 12 02 08 11 02 09 17 16 14 02 01 12 19 03 20 15 05 17 11 07 05 07 02 07 02 12 08 11 17 07 07 09 08 14 19 02 14 07 09 08 09 01 11 19 16 10 05 20 06 07 18 11 13 
19 09 15 11 16 05 19 14 03 07 13 08 18 14 02 04 15 01 04 07 11 02 02 20 06 13 17 12 10 19 17 01 19 11 03 14 07 01 19 02 08 12 09 17 17 02 20 03 02 04 10 04 17 03 15 03 16 12 06 17 02 02 09 01 04 03 06 03 04 05 04 03 08 04 19 04 06 10 07 19 05 08 03 02 10 17 04 17 20 01 06 02 15 06 02 10 09 19 04 04 
03 07 18 10 11 08 06 08 17 04 06 02 11 08 03 12 05 18 09 16 10 06 17 16 03 10 06 11 09 09 06 03 08 03 13 10 10 18 17 19 01 02 20 03 02 14 14 18 11 14 13 12 19 02 08 02 11 13 04 11 13 02 14 20 04 18 01 06 15 17 04 07 11 15 09 12 08 14 01 10 08 13 01 18 06 08 11 17 12 07 19 17 08 12 16 11 09 17 16 15 
05 11 13 15 05 01 18 12 07 18 01 14 03 14 11 08 13 02 16 17 08 15 13 07 18 20 17 19 08 05 13 13 15 06 19 20 18 09 03 04 18 16 09 20 09 20 20 13 13 07 09 12 13 01 18 11 13 06 09 20 02 13 04 17 10 03 08 20 03 02 15 20 17 04 12 17 15 11 10 19 09 10 02 02 03 11 12 15 16 12 14 18 04 10 06 06 04 05 05 06 
06 19 05 03 14 08 19 08 10 20 18 19 10 19 20 12 09 11 18 17 14 03 06 09 12 11 14 15 07 10 12 12 09 09 14 14 16 05 02 06 16 11 04 05 10 15 08 18 05 05 14 10 08 11 18 19 01 12 06 07 01 17 11 01 05 04 07 01 20 20 18 16 10 13 12 19 07 12 09 03 16 14 12 03 05 09 14 05 12 11 04 05 07 14 17 04 09 03 16 01 
02 05 08 12 17 11 02 03 02 10 05 18 04 16 12 08 16 17 04 08 07 07 04 06 12 20 01 13 15 16 13 08 20 20 19 08 10 01 10 12 02 14 01 05 01 12 12 08 01 16 07 07 14 10 04 18 02 04 10 16 11 02 03 02 13 14 09 14 06 10 17 07 03 09 12 15 13 15 03 13 02 09 11 16 11 15 05 12 18 14 19 01 07 01 02 11 06 03 16 11 
12 05 18 07 13 01 01 05 15 15 17 17 16 08 04 06 14 08 09 03 01 07 03 19 19 17 09 05 19 16 07 10 20 04 16 13 04 09 17 11 15 06 07 10 05 02 07 18 09 15 12 01 01 15 11 20 03 19 16 01 14 02 02 14 18 18 18 13 18 06 03 12 11 01 02 07 02 20 16 02 15 08 14 07 14 04 18 16 02 13 16 08 15 17 13 04 06 02 16 03 
07 11 07 10 11 20 16 05 19 12 18 13 11 12 12 04 15 09 19 09 02 06 08 08 14 20 11 20 13 18 14 19 08 20 08 11 11 16 15 10 19 12 14 09 03 05 12 10 14 02 18 07 07 05 06 20 16 16 11 08 05 17 18 13 08 18 03 19 13 09 08 11 20 13 19 15 18 02 04 03 15 13 09 01 09 06 12 04 01 15 03 05 11 20 09 18 17 03 08 01 
11 15 11 11 20 01 17 09 14 12 11 08 16 11 20 04 16 04 07 08 18 01 04 20 12 13 09 01 15 17 01 18 03 04 20 02 04 16 10 10 19 12 17 14 14 17 17 09 12 15 08 09 15 12 08 18 16 08 18 02 04 11 19 07 14 18 20 09 05 10 18 03 13 07 16 07 15 04 07 06 18 15 14 04 18 13 02 05 20 11 06 16 01 17 02 14 06 13 03 03 
14 12 17 07 18 13 13 12 08 11 09 18 05 02 01 02 06 14 18 18 05 16 13 17 12 06 11 09 18 05 11 12 08 08 10 18 12 02 01 11 12 10 08 09 03 09 02 09 14 20 18 10 15 10 07 18 15 09 18 04 05 01 15 12 08 04 09 11 17 10 01 01 11 01 01 13 09 02 13 14 13 10 04 19 19 10 16 05 18 06 09 02 06 15 05 05 19 06 15 07 
07 07 07 17 07 07 01 07 01 14 01 13 03 04 04 14 05 11 10 02 16 18 15 01 13 11 05 03 16 11 09 02 18 08 10 16 14 11 03 06 04 03 11 18 18 14 03 02 04 13 15 20 02 01 20 14 11 17 08 19 07 17 12 04 04 02 20 09 12 14 07 07 08 17 04 05 10 19 18 13 11 04 04 12 16 04 18 18 20 05 16 06 13 20 02 08 01 13 09 04 
06 15 10 13 11 05 09 20 15 18 04 05 01 08 09 08 03 06 05 14 02 13 11 15 12 12 02 12 16 02 07 01 16 08 05 06 04 05 17 19 02 01 03 14 20 03 01 02 08 06 15 10 10 05 16 01 09 09 04 04 11 10 17 06 09 01 04 12 06 20 10 07 12 05 13 11 07 13 12 07 10 18 16 19 03 03 11 03 11 14 06 13 15 02 19 03 15 14 07 20 
13 16 18 05 12 10 07 11 15 19 17 16 16 04 15 10 06 17 12 08 11 10 01 17 03 11 12 17 04 18 08 08 05 06 12 17 07 19 07 01 09 15 09 16 18 15 18 15 11 01 02 13 10 14 10 05 16 01 01 19 10 09 07 14 06 10 02 04 20 20 05 08 14 13 16 03 07 13 17 09 13 11 02 15 16 03 19 12 15 11 10 04 11 08 09 16 10 11 20 09 
02 16 09 08 20 04 10 18 08 19 06 12 01 19 18 16 01 16 07 15 19 09 18 09 16 07 17 05 09 08 06 02 15 14 09 06 09 19 15 16 09 20 19 09 11 17 16 11 04 03 18 02 03 15 03 10 13 11 07 13 18 12 15 04 17 03 09 05 13 03 12 13 14 02 13 04 18 09 07 02 11 04 15 05 10 17 14 15 19 20 19 08 11 13 11 07 08 11 03 12 
05 06 17 11 08 09 06 05 17 12 18 19 07 05 03 09 13 17 03 12 16 13 19 19 18 02 17 05 04 12 08 09 17 04 19 16 13 04 13 09 08 10 20 06 14 02 14 19 18 08 10 06 01 20 04 18 01 20 14 05 11 13 05 20 17 03 15 01 18 07 01 17 09 20 15 14 02 08 12 11 08 01 16 08 13 19 17 13 11 10 09 13 02 13 12 10 07 19 10 05 
05 03 13 05 02 07 19 15 07 10 06 14 03 01 13 15 12 09 19 14 10 08 06 11 20 10 13 07 20 14 03 16 16 07 01 18 14 19 12 20 20 09 05 14 10 17 20 13 05 19 06 14 18 03 16 09 12 08 15 11 14 09 07 09 16 19 18 09 09 02 20 20 10 04 14 11 20 05 03 16 15 08 01 12 03 16 01 14 16 07 17 09 16 15 17 03 13 07 03 01 
08 02 12 17 17 05 08 08 02 02 03 16 02 03 08 04 10 20 09 05 06 05 05 13 11 14 15 03 20 17 15 07 10 07 15 18 03 14 05 04 16 19 20 17 13 19 20 03 18 08 19 15 05 16 08 15 09 14 10 20 03 16 06 12 14 12 02 09 06 06 12 13 05 03 09 09 13 20 11 10 19 02 17 15 17 04 02 17 09 03 16 11 18 13 15 04 04 16 12 01 
13 15 13 09 18 13 18 02 04 20 12 15 01 20 09 09 15 02 05 03 04 20 06 02 12 12 05 16 19 08 08 11 02 01 12 11 05 09 13 09 20 16 03 01 15 03 01 09 05 06 03 08 05 08 01 09 11 05 04 09 04 03 12 06 03 03 16 08 03 20 16 02 15 10 14 01 12 15 01 08 20 04 16 16 03 16 04 14 13 19 14 16 02 17 13 04 11 09 03 13 
20 10 07 15 11 12 07 03 06 08 10 17 03 17 13 05 13 16 10 17 07 16 12 08 12 05 03 03 05 18 07 04 07 05 10 18 17 09 12 14 16 13 11 18 02 03 14 14 10 04 02 16 19 05 03 02 01 18 16 05 15 15 01 01 19 02 10 07 10 13 01 17 18 11 06 19 05 20 04 06 15 05 02 05 09 16 06 10 13 02 06 19 08 18 12 06 12 01 05 01 
06 05 10 03 07 07 01 03 18 04 08 12 20 01 16 08 17 14 09 01 07 07 20 14 04 11 11 15 03 15 08 20 11 09 02 09 15 14 11 13 09 11 16 20 11 04 20 19 17 08 20 15 06 11 08 10 13 10 16 07 17 15 07 19 03 20 08 10 06 10 14 06 20 09 06 03 12 05 01 20 12 12 14 10 02 13 19 06 03 06 13 19 01 11 17 15 02 16 04 07 
18 17 13 17 06 10 11 09 14 12 09 17 03 14 06 17 07 16 14 01 02 06 19 02 08 07 16 02 15 12 20 12 08 04 20 05 13 11 06 06 02 14 03 16 19 08 04 05 04 18 05 17 15 15 10 03 14 05 04 20 08 15 11 08 19 10 12 11 12 17 17 13 02 11 01 01 10 04 17 05 01 14 01 16 08 10 10 13 07 05 12 14 19 14 01 17 16 05 08 07 
13 16 12 15 06 12 07 07 15 03 12 08 16 12 03 16 02 04 08 08 08 12 13 06 05 06 15 20 10 02 07 02 09 18 08 06 01 14 12 07 09 03 14 04 07 08 11 08 11 19 07 18 02 11 16 18 16 10 10 17 03 08 19 11 05 18 08 17 12 19 03 20 14 09 15 20 16 06 19 07 16 05 16 17 07 03 06 03 12 15 19 06 02 09 08 18 07 15 14 10 
06 09 09 19 17 03 10 12 20 08 10 15 04 18 11 10 20 17 04 04 03 15 01 05 15 09 02 01 15 16 10 12 16 10 02 12 05 11 15 04 18 17 19 13 14 01 15 05 09 18 20 04 04 01 08 19 01 09 11 15 16 01 07 11 02 08 14 18 11 09 02 20 05 12 13 10 04 19 14 05 08 06 08 12 06 07 10 06 15 20 12 03 12 10 05 06 10 19 03 20 
19 16 19 15 19 03 04 15 01 09 19 09 14 18 20 11 04 01 08 10 12 20 04 04 01 09 01 10 19 03 09 17 11 08 11 09 02 14 03 03 14 13 11 20 10 02 10 05 02 18 07 05 09 10 08 09 18 20 19 16 03 19 04 05 18 14 13 20 19 16 02 05 08 04 04 10 17 05 06 18 14 12 02 02 14 02 03 11 13 13 19 07 11 02 11 01 08 04 20 18 
11 13 02 10 08 05 11 04 02 17 13 15 20 06 17 13 19 11 16 12 15 06 18 05 19 09 17 06 04 16 04 14 20 17 15 19 14 06 02 15 14 06 09 13 12 17 06 10 07 13 01 01 18 11 18 16 11 14 02 14 02 17 19 13 05 13 12 18 10 05 12 03 11 01 16 02 17 13 03 16 05 16 08 02 06 05 09 08 11 10 01 04 18 11 08 03 03 11 20 13 
16 04 07 06 04 02 19 12 14 01 19 10 16 07 03 13 03 12 20 05 13 12 20 11 02 08 05 17 18 16 01 13 19 07 10 14 01 08 06 06 01 16 16 08 02 18 01 05 09 12 09 02 16 09 04 09 08 20 17 05 15 09 10 06 16 11 19 08 19 16 13 11 12 20 18 05 18 10 09 18 14 10 11 09 10 06 09 17 05 06 13 12 14 14 17 01 05 07 08 15 
15 13 05 06 12 14 02 01 16 11 11 09 12 01 09 13 19 17 01 15 14 05 06 08 19 14 20 15 01 20 09 15 12 05 12 03 18 13 16 13 15 06 13 18 18 13 10 16 10 10 11 03 15 08 02 05 02 02 19 02 01 07 08 04 03 11 18 12 03 13 17 10 18 09 07 16 02 09 03 03 18 05 17 04 13 11 08 14 12 06 07 04 04 06 19 06 16 16 18 10 
09 14 11 18 14 18 05 07 06 08 09 15 04 06 11 16 16 18 09 19 16 07 14 11 12 12 17 19 19 06 09 07 11 19 17 16 08 01 03 05 20 11 20 04 08 10 19 03 19 20 13 06 18 18 17 02 01 05 20 20 10 08 06 12 19 02 07 18 15 09 03 14 12 14 17 19 15 08 14 13 19 18 19 16 16 15 17 16 11 17 15 20 16 13 03 06 14 01 04 08 
10 06 14 13 11 10 11 05 09 04 09 07 14 19 15 09 05 03 04 15 19 11 06 07 03 08 12 08 09 07 08 10 04 01 02 14 02 12 10 11 08 19 09 13 09 03 01 14 06 16 08 16 06 14 14 20 13 18 08 01 04 15 02 20 15 03 13 16 07 15 18 06 05 07 18 13 01 10 06 06 05 14 14 03 19 07 14 11 04 01 04 20 07 17 19 13 12 03 09 10 
17 18 15 01 04 04 14 17 05 19 14 01 04 07 15 14 06 09 17 01 01 20 20 08 08 10 20 19 13 20 08 09 18 14 02 13 09 07 09 13 17 03 14 01 01 08 06 06 08 02 07 09 13 06 16 01 16 07 19 20 07 19 20 16 12 01 08 01 19 17 05 16 11 18 08 11 18 13 17 17 07 03 05 19 20 20 19 07 19 10 06 05 08 18 20 11 10 19 11 09 
07 08 04 17 17 11 08 14 03 16 11 09 10 07 20 01 19 10 08 17 11 05 01 18 14 12 01 04 10 03 12 17 10 15 05 07 17 04 12 11 19 02 12 20 01 11 01 19 20 20 15 11 16 07 20 10 18 20 13 19 15 16 15 04 10 20 10 06 03 02 16 14 15 07 13 15 09 05 05 01 04 19 11 12 05 02 01 14 14 05 13 08 20 19 03 01 18 13 18 13 
06 05 18 12 04 02 19 12 07 03 12 02 02 14 13 18 08 13 12 13 09 04 20 20 02 14 20 12 18 09 16 03 14 05 07 09 06 05 20 04 19 04 06 20 09 18 10 08 11 01 20 11 16 11 11 09 05 02 12 02 11 19 17 04 03 03 04 01 19 03 04 17 18 09 09 19 07 18 06 09 10 18 19 17 08 09 05 04 11 09 18 13 07 14 08 02 08 11 02 06 
05 05 14 15 06 02 13 12 11 10 12 20 07 10 08 07 11 13 02 13 13 19 05 19 04 04 12 11 14 13 08 18 10 02 12 15 15 16 06 06 18 17 17 16 18 05 14 20 09 16 12 01 06 08 11 10 11 03 12 16 15 12 06 16 05 09 10 19 05 07 04 02 15 01 09 13 17 03 12 05 18 16 05 15 03 07 16 06 09 20 01 16 11 06 11 15 15 01 13 11 
19 09 04 14 01 12 06 17 14 09 01 03 04 17 18 19 03 05 16 04 04 16 19 14 14 01 20 20 13 05 02 12 13 05 05 05 16 02 01 02 10 13 16 06 09 13 16 03 10 11 06 13 18 16 19 03 17 18 02 09 02 03 20 06 19 04 02 07 05 02 08 07 06 03 12 14 08 07 17 17 09 14 01 06 10 19 01 06 17 02 06 10 17 06 08 15 01 01 13 06 
03 20 04 08 15 15 14 14 13 02 02 13 07 02 10 16 01 10 13 09 12 19 10 20 04 09 06 04 10 19 01 04 10 16 03 16 02 16 09 14 09 10 18 16 04 08 03 04 17 16 04 20 06 13 19 09 14 17 04 03 15 17 06 16 12 20 12 14 08 20 19 16 02 09 03 05 16 06 20 12 13 03 12 18 07 02 18 20 10 13 14 04 01 11 12 05 11 03 10 18 
14 08 05 15 16 20 19 03 17 18 15 09 12 18 18 19 11 07 10 01 19 04 16 12 06 07 16 16 01 05 05 15 04 10 09 12 09 20 14 05 09 20 05 01 09 14 11 20 20 20 12 10 15 07 01 01 06 08 08 06 12 13 20 08 14 01 19 14 20 04 18 08 04 14 08 12 07 10 03 06 10 14 07 04 13 08 16 18 15 04 15 19 08 15 06 01 15 16 14 06 
19 03 13 14 16 13 18 02 02 20 19 03 06 05 07 10 04 14 19 11 09 13 09 16 19 06 16 05 13 01 10 11 03 03 17 18 07 14 11 08 05 01 11 02 18 09 11 01 14 01 03 03 14 11 18 04 08 06 09 20 06 18 03 09 12 19 18 18 04 09 18 08 01 08 02 18 08 04 11 01 05 13 03 10 16 13 13 03 18 01 15 03 11 09 03 02 07 01 12 02 
01 09 09 01 08 02 11 15 06 01 07 10 13 02 11 08 14 03 03 03 16 09 05 06 17 08 19 03 20 10 16 20 10 16 12 17 18 02 03 03 14 02 04 07 03 14 06 08 16 20 10 03 08 14 08 04 13 07 18 12 08 13 03 18 09 15 14 06 08 09 20 02 10 03 20 04 08 05 11 15 05 20 18 12 05 05 08 18 03 05 01 11 18 16 20 06 02 13 11 09 
13 02 02 14 04 01 17 03 18 07 17 14 06 14 05 11 11 04 20 05 09 12 07 06 07 06 03 08 11 05 09 03 06 10 17 01 11 13 03 20 12 19 13 17 05 09 19 15 13 10 19 01 02 06 18 20 03 20 20 13 04 08 16 01 17 04 01 19 08 03 10 19 01 02 08 17 11 18 11 03 08 02 15 01 19 12 12 01 03 11 06 18 18 01 18 07 16 18 17 03 
12 07 14 04 08 01 01 10 18 03 04 17 04 18 09 14 01 01 07 15 11 12 12 01 04 01 07 19 10 15 01 01 01 06 05 01 06 05 10 16 07 14 04 03 03 13 08 16 05 14 02 07 17 06 07 20 06 13 18 16 20 11 08 20 16 12 20 14 08 02 09 07 07 04 01 01 16 08 08 12 02 10 19 18 15 05 10 12 10 07 07 09 09 07 08 17 18 20 10 18 
01 10 04 07 13 04 07 01 11 15 12 04 16 10 14 02 07 15 13 16 01 12 16 02 18 15 18 07 14 19 04 06 08 19 04 20 02 03 12 05 09 16 20 04 17 05 05 03 19 17 10 12 08 05 05 17 12 02 04 17 20 07 03 19 18 06 10 19 20 02 15 08 17 07 11 13 03 15 08 02 04 17 05 03 14 09 20 17 02 15 13 13 13 07 11 10 05 20 01 04 
13 07 12 01 13 02 06 16 09 05 09 04 13 05 06 06 13 17 14 06 11 07 18 04 13 20 05 09 11 05 13 04 12 16 16 16 17 13 11 17 17 11 12 10 15 18 07 19 06 01 04 09 19 01 12 11 20 08 12 11 05 04 06 16 19 01 03 07 14 06 16 02 16 07 11 03 16 18 01 02 18 05 10 16 17 13 18 09 12 09 11 16 04 16 11 14 08 06 13 13 
11 08 15 06 06 05 08 02 14 01 15 11 17 16 18 13 20 08 01 11 08 11 07 12 18 09 17 06 14 09 10 16 08 04 02 14 01 01 07 06 13 13 09 09 08 06 02 19 05 14 09 13 17 07 16 14 16 12 11 01 01 01 17 08 16 10 13 08 02 19 14 15 11 14 03 10 19 16 08 16 02 17 08 18 15 03 03 02 14 14 03 06 06 11 06 13 12 18 13 13 
17 18 19 19 11 14 09 01 09 16 16 10 04 03 19 19 17 02 20 03 07 14 08 12 16 13 16 07 11 08 20 19 05 10 17 15 03 05 08 04 13 03 13 16 18 04 06 06 05 06 08 03 11 08 14 07 12 01 13 14 09 04 12 05 14 01 12 16 17 19 19 09 13 04 17 10 19 02 16 15 19 15 17 10 02 02 16 14 02 20 19 02 04 11 07 09 03 18 16 19 
08 15 08 20 10 04 02 20 17 09 14 16 03 10 17 17 11 04 02 04 03 20 06 06 02 04 06 04 13 02 03 20 08 10 11 09 05 12 08 13 20 01 20 03 02 16 11 04 19 12 07 14 11 04 11 13 07 17 16 19 18 10 10 05 11 01 13 15 12 12 20 04 12 19 18 05 15 08 08 05 19 06 18 01 10 09 05 08 05 13 19 14 02 08 18 13 20 02 19 12 
13 18 07 16 17 16 20 03 03 07 07 13 12 17 05 13 05 10 01 01 02 19 14 03 18 03 07 18 16 06 01 08 03 07 03 11 02 14 05 16 20 04 20 03 20 04 16 16 13 08 08 14 18 13 09 15 15 15 04 10 20 04 09 15 02 03 17 15 16 02 02 07 05 01 09 16 05 16 11 09 03 10 15 12 02 15 07 08 09 02 09 01 06 17 07 19 11 03 06 06 
16 07 12 12 20 20 19 16 08 01 04 10 10 10 02 11 04 20 18 13 01 06 05 18 14 11 09 04 05 14 01 13 20 12 16 19 04 15 14 11 15 10 12 05 19 05 07 03 16 05 07 17 02 11 06 16 13 14 11 09 07 12 01 19 15 17 09 18 11 15 20 17 16 12 01 14 08 08 08 04 04 06 12 05 08 17 12 12 03 15 01 01 06 13 11 20 09 20 10 11 
06 09 08 01 12 20 06 20 07 06 03 02 11 14 19 11 02 10 02 04 04 02 05 01 15 15 13 15 06 02 18 11 10 05 03 02 04 01 13 03 06 15 16 08 20 14 18 01 16 20 17 19 13 13 12 07 07 04 14 05 05 11 15 06 07 10 19 02 10 11 04 15 17 12 14 08 05 12 01 20 03 17 11 15 09 02 14 07 17 19 11 13 09 18 18 15 07 17 16 16 
19 12 02 08 03 15 15 19 18 15 19 12 03 09 07 11 02 12 10 18 10 20 10 10 17 19 16 15 15 11 02 06 14 15 13 08 10 07 07 19 14 17 11 16 05 09 19 06 12 08 15 13 19 16 02 16 14 17 02 09 19 04 14 05 18 18 04 19 04 10 10 17 06 12 05 02 20 03 19 11 02 13 15 20 08 16 07 14 04 09 02 14 04 07 18 13 16 02 12 19 
03 13 08 01 04 12 02 03 06 01 05 07 05 19 06 05 06 13 18 01 01 11 14 16 09 04 08 04 17 11 14 11 03 01 11 06 04 05 20 09 17 16 15 01 06 13 17 11 05 06 03 17 16 17 12 16 12 11 11 08 02 05 10 16 17 01 02 01 17 13 01 13 01 08 05 06 20 02 09 04 07 11 12 15 07 03 02 10 05 13 09 06 09 19 02 05 11 15 17 07 
07 18 19 07 05 03 05 04 04 13 19 03 03 10 09 02 04 02 11 08 14 20 14 02 18 07 19 20 01 15 06 19 04 04 18 08 06 02 03 02 14 01 16 08 10 04 09 05 17 12 13 11 11 18 04 20 04 14 19 04 09 04 02 04 07 11 12 04 12 06 17 17 07 12 05 08 07 13 13 04 04 05 06 06 02 01 17 17 15 15 20 15 10 13 18 08 04 01 04 07 
07 20 04 13 12 08 12 18 12 04 13 08 20 18 13 13 19 02 09 13 08 20 19 18 13 16 17 08 17 20 14 03 20 17 07 11 16 18 20 08 14 13 07 05 10 11 18 20 12 18 12 20 18 10 17 02 18 05 09 14 05 02 08 04 19 06 06 06 03 17 13 08 09 11 13 11 02 10 10 13 07 14 12 16 03 20 17 12 05 05 17 01 19 04 16 09 09 13 14 04 
09 19 11 18 09 03 08 10 04 09 03 03 02 06 18 17 18 15 08 14 11 05 14 09 20 09 17 09 01 03 04 09 01 14 18 09 09 17 19 12 06 13 14 07 18 04 03 07 10 03 20 20 07 13 01 06 13 09 06 05 11 09 06 11 15 03 20 03 12 10 06 17 14 20 15 03 03 10 10 12 12 09 03 10 14 03 07 06 04 13 11 14 13 16 05 07 10 16 01 01 
17 07 09 02 18 16 04 20 05 13 03 08 14 17 09 07 12 15 12 15 07 14 20 20 01 16 18 03 11 19 03 19 05 04 20 02 19 04 13 15 08 07 14 01 15 02 07 06 16 11 12 15 16 12 06 17 07 03 19 10 13 13 08 09 08 20 02 18 15 06 12 14 04 05 15 19 18 13 04 14 15 08 08 11 19 05 19 05 19 09 06 12 13 06 20 01 05 14 18 11 
19 02 04 03 18 10 01 16 15 16 09 09 03 08 11 13 12 09 10 02 09 15 13 02 20 05 14 16 18 03 18 08 04 02 10 02 03 02 17 17 10 17 18 04 04 08 09 07 09 18 20 09 04 13 10 04 09 15 11 18 18 09 05 01 02 07 14 04 20 10 13 09 18 10 05 13 09 13 11 09 10 11 18 05 03 19 20 03 14 11 20 11 11 16 03 04 14 17 19 14 
18 11 14 08 12 18 20 13 02 11 01 03 01 10 08 03 09 07 17 02 09 16 04 19 11 06 02 17 14 01 10 04 03 15 11 15 05 10 07 06 20 19 09 12 09 08 14 17 14 02 10 03 17 13 13 20 10 15 16 16 07 17 11 09 11 01 15 15 02 13 13 14 12 13 05 12 20 11 20 05 12 09 19 01 13 12 20 14 18 07 01 16 03 11 16 05 03 11 12 05 
03 04 10 06 08 14 17 19 16 08 03 08 08 14 08 12 17 19 06 14 05 18 01 19 09 16 15 03 06 06 19 01 01 08 18 08 14 07 18 09 14 01 08 02 06 15 13 02 05 10 07 01 08 07 19 08 02 06 10 20 11 01 20 04 08 09 11 01 15 09 02 09 01 09 02 06 16 14 19 20 16 05 01 03 11 11 02 12 16 03 03 19 03 14 02 03 03 04 15 17 
04 16 17 16 17 18 13 12 12 11 03 19 15 15 13 17 06 14 01 13 08 03 03 11 17 16 13 19 12 07 07 07 15 04 03 11 01 07 14 04 18 16 02 04 11 14 01 08 19 01 12 07 15 07 09 11 02 01 01 05 19 08 12 13 03 06 03 03 12 08 07 01 04 20 05 14 06 17 13 04 09 04 10 03 02 10 06 04 10 06 08 01 05 11 13 07 16 08 02 08 
15 08 08 10 19 04 03 04 20 07 08 08 03 09 03 04 19 08 07 20 05 07 20 02 17 05 08 05 12 09 12 18 08 19 08 19 03 02 02 14 09 01 14 11 10 16 14 20 15 13 11 19 11 11 20 19 15 20 03 18 20 14 15 20 05 14 18 19 16 19 04 16 12 17 06 13 12 11 12 06 15 02 17 17 04 08 16 18 07 10 07 07 16 02 18 12 07 15 10 02 
05 13 17 16 02 14 08 13 17 11 11 11 05 19 08 08 06 15 18 13 04 04 11 19 17 08 10 04 14 11 05 10 16 14 06 17 07 05 01 03 08 03 06 12 01 13 11 19 19 08 11 14 12 13 13 20 12 14 03 05 17 08 14 12 13 11 20 19 08 12 14 15 15 19 18 07 03 08 05 13 16 07 06 19 19 10 18 10 04 01 06 12 20 20 15 04 10 14 02 09 
05 07 03 11 17 20 18 11 20 14 03 15 01 09 05 19 10 14 01 13 06 06 16 05 17 10 20 19 15 14 07 20 20 10 02 09 01 11 19 20 05 14 06 05 02 10 15 11 16 07 16 01 13 03 18 09 13 17 07 07 10 14 18 10 15 12 18 15 02 08 15 06 01 12 02 14 02 17 17 17 03 04 09 07 06 06 08 10 03 14 09 12 19 18 13 13 09 02 20 11 
10 06 08 02 17 10 08 10 18 04 18 12 19 07 19 04 12 06 06 06 11 14 10 02 11 02 06 12 16 05 02 17 10 01 18 19 10 05 08 19 20 18 11 18 04 01 14 07 06 11 13 08 04 02 09 06 15 15 09 10 11 02 06 13 03 16 11 04 12 10 03 12 07 05 01 02 05 06 01 02 16 05 09 11 18 10 09 12 04 17 14 06 19 19 18 01 14 08 16 06 
10 18 09 16 02 09 10 18 07 10 19 02 14 20 05 03 09 13 14 04 01 07 09 19 18 07 11 03 06 07 20 15 16 08 03 10 09 12 07 15 13 18 08 18 17 12 20 17 16 05 12 17 12 20 07 01 18 18 03 04 16 03 10 03 02 12 04 10 15 03 16 19 20 16 16 08 07 07 16 15 12 07 11 15 18 09 15 16 06 09 11 13 11 20 08 13 04 11 14 10 
13 02 09 12 17 16 11 15 15 06 09 06 12 11 12 02 20 06 17 17 14 19 02 17 10 09 01 05 11 06 15 04 07 15 07 15 10 10 02 16 15 02 01 19 13 12 20 04 09 08 12 15 06 05 03 07 05 03 12 16 20 06 11 07 12 09 13 13 18 14 09 13 16 01 03 20 13 14 15 13 01 18 07 18 03 09 04 19 03 15 14 03 12 16 01 15 05 13 08 02 
19 16 06 06 16 20 17 20 13 11 13 13 20 11 10 02 12 06 13 14 12 18 16 16 14 08 10 18 01 09 11 11 04 09 16 12 08 12 11 01 14 15 13 13 18 15 07 09 12 19 02 15 16 10 10 09 17 12 18 09 20 01 19 04 09 06 07 16 09 09 08 02 16 13 07 13 07 13 01 10 11 14 04 06 03 14 07 12 05 16 20 16 16 11 19 16 16 17 12 05 
06 11 18 01 03 04 05 09 16 05 10 18 10 14 16 05 19 02 16 15 09 15 10 17 05 01 12 13 09 15 09 14 06 06 06 08 02 10 09 17 06 18 07 16 03 02 20 13 15 07 07 03 01 09 19 18 01 03 02 09 17 10 03 02 07 20 10 08 02 10 17 19 07 15 06 02 16 17 14 02 03 01 16 16 01 07 05 01 09 06 09 05 07 03 19 05 15 08 05 16 
17 01 14 15 15 12 16 02 08 10 03 11 02 18 06 14 16 10 14 04 15 14 09 13 09 07 17 03 06 01 10 14 13 15 20 19 06 16 12 14 17 14 04 10 04 01 03 19 10 08 15 16 01 03 20 09 01 16 03 06 09 12 11 01 19 10 12 04 05 03 09 13 09 04 14 04 04 16 14 05 03 08 12 16 10 11 16 02 19 11 07 07 14 09 19 12 19 10 08 15 
13 16 08 13 20 01 16 15 09 09 20 03 17 11 10 18 02 06 20 20 08 18 18 01 07 16 13 17 18 20 11 02 07 10 14 06 03 09 01 11 09 12 05 17 02 15 15 15 12 06 14 19 15 03 19 13 19 03 09 16 02 12 17 01 01 02 06 03 10 18 05 10 09 10 07 11 16 13 17 19 10 03 09 04 05 07 09 03 02 09 10 15 20 18 15 01 19 01 15 20 
10 20 02 19 01 08 01 08 20 17 06 01 19 14 04 16 12 04 10 13 13 20 08 12 09 14 04 20 14 19 19 16 18 20 14 10 19 06 17 10 14 14 10 13 07 06 08 10 09 17 03 13 08 02 05 09 15 08 08 01 18 18 16 07 18 01 16 08 18 04 18 11 17 19 03 15 16 02 05 17 11 19 09 10 12 05 18 18 13 05 10 10 03 17 09 12 17 04 19 14 
08 08 05 16 19 19 11 14 13 07 10 15 17 11 04 08 15 02 05 19 18 07 01 12 03 09 03 12 12 14 17 11 13 13 19 11 12 09 17 16 07 18 02 03 08 05 10 03 18 06 01 08 12 01 19 07 01 02 18 13 07 14 15 19 07 13 02 10 13 10 17 19 07 18 13 07 02 02 09 12 20 01 19 03 14 17 09 14 10 18 18 16 12 13 07 10 17 20 19 10 
09 07 20 15 04 13 01 17 06 01 08 05 14 18 20 07 07 20 12 08 18 10 16 01 14 02 10 10 01 20 11 09 06 11 15 01 03 16 17 08 08 17 05 01 14 04 19 12 15 11 20 12 12 15 04 05 08 05 06 08 16 17 08 13 19 02 13 01 09 10 08 09 18 04 09 03 07 08 15 14 10 06 05 13 12 01 09 19 05 14 18 01 02 17 13 20 10 18 20 11 
19 20 19 16 03 07 18 02 06 04 15 07 01 11 19 12 11 07 02 08 13 19 20 14 07 12 06 17 01 17 07 19 16 05 14 11 03 04 04 01 19 10 19 20 20 18 11 03 16 13 02 08 03 01 14 02 04 11 18 05 07 16 03 15 20 09 17 14 12 20 06 10 09 05 09 20 14 12 14 09 16 15 09 10 07 14 11 11 04 20 07 10 15 09 04 06 17 12 20 20 
11 17 10 11 01 10 03 14 13 16 15 08 03 03 10 09 08 20 11 11 20 17 12 14 18 08 12 14 19 03 06 10 19 07 12 20 16 14 05 01 10 19 08 04 13 17 12 20 09 15 10 08 11 02 13 08 09 16 14 07 18 19 08 17 17 20 08 04 13 12 04 14 03 04 17 15 20 01 15 20 15 16 19 05 09 04 05 17 19 10 16 17 08 15 13 04 14 20 19 19 
03 03 12 05 06 01 20 17 01 06 17 15 01 15 11 10 18 07 18 17 16 05 13 15 20 17 10 05 16 09 03 18 11 07 15 16 07 14 04 07 19 20 13 11 07 15 20 04 14 10 12 09 14 16 04 05 12 05 10 19 13 12 09 15 10 03 02 16 16 06 14 06 05 06 16 11 13 08 07 06 17 18 06 02 14 01 07 17 06 08 16 18 11 04 13 01 06 14 16 13 
11 10 18 16 07 05 18 19 12 16 16 20 14 02 14 19 14 12 15 19 19 10 09 09 05 01 09 02 06 17 14 09 06 03 04 04 20 13 15 03 01 10 03 14 03 08 04 17 19 10 15 17 12 03 17 16 15 06 18 13 02 03 01 19 18 16 02 17 20 16 19 20 18 13 05 12 20 20 08 10 10 15 06 01 09 03 08 16 20 17 08 13 12 20 03 09 15 16 05 06 
12 15 06 01 08 10 12 19 10 20 09 11 06 06 11 14 20 10 09 19 19 08 03 10 07 05 10 13 01 14 19 04 20 04 16 07 05 07 18 06 18 06 16 03 11 18 09 11 08 09 01 06 09 04 07 15 20 16 20 12 01 10 07 20 13 02 19 09 09 16 15 18 13 10 01 15 20 01 17 07 09 18 04 09 13 02 16 04 17 15 08 09 04 14 08 08 16 18 08 16 
05 14 13 17 04 05 04 15 05 20 01 06 09 16 14 13 09 01 17 05 15 16 05 10 09 04 09 16 02 17 03 06 10 16 15 05 20 18 19 17 09 11 14 18 18 19 10 06 20 18 02 06 13 06 16 14 10 04 09 11 12 12 08 02 19 14 18 10 03 09 18 12 19 11 09 17 02 10 14 01 20 16 06 04 01 13 17 02 17 18 04 20 01 12 13 19 17 11 20 20 
19 18 11 09 20 11 17 01 12 11 01 11 06 19 15 18 11 11 20 19 20 03 19 20 14 11 10 03 01 10 02 11 07 12 20 18 14 08 19 05 18 11 16 03 09 02 01 12 12 20 10 04 14 08 03 20 11 13 02 03 02 03 14 20 06 05 17 19 12 15 03 02 18 18 04 18 19 16 09 03 07 19 06 01 18 20 20 08 12 13 11 05 15 16 04 20 12 13 18 03 
19 12 16 16 02 20 14 20 07 02 14 06 12 11 18 10 11 09 09 14 01 19 11 07 06 14 06 17 18 15 12 17 06 07 04 07 18 17 19 05 11 04 02 14 15 19 03 17 19 12 02 19 02 12 17 08 18 02 04 15 08 07 03 05 14 07 04 11 15 02 07 17 17 08 11 03 18 05 11 08 16 13 18 10 04 14 17 13 07 12 20 14 19 02 19 12 08 02 14 15 
15 01 11 11 20 13 06 10 18 16 17 05 08 15 14 04 08 02 16 15 14 15 20 04 09 10 15 08 03 20 02 17 20 05 20 12 17 05 01 06 12 09 11 20 15 04 15 03 06 02 09 11 09 20 14 17 10 20 04 12 19 18 01 11 14 20 14 02 16 06 08 07 14 18 18 09 13 12 03 10 06 03 20 14 02 05 10 11 04 05 03 15 02 03 17 07 14 10 09 01 
15 16 19 20 05 17 20 17 20 02 19 05 16 18 18 18 15 19 20 10 16 14 04 09 08 12 16 01 01 04 13 07 19 12 07 03 08 06 11 19 20 09 04 15 07 13 04 13 04 04 02 19 17 18 07 05 09 02 17 10 05 10 08 15 01 14 17 20 12 20 18 11 08 13 17 06 18 01 18 01 04 20 11 12 09 17 16 17 11 05 18 07 14 06 14 06 19 10 05 02 
01 14 12 09 07 01 14 04 01 12 16 04 03 06 07 11 14 03 19 16 19 17 03 12 02 16 17 12 17 13 14 18 06 17 18 04 17 11 07 09 14 14 12 08 19 19 10 05 13 09 20 11 05 14 14 18 09 02 01 18 14 06 07 11 15 16 15 11 06 13 12 12 07 15 11 05 05 01 09 17 01 09 19 17 02 04 14 03 05 06 12 10 12 10 13 06 05 07 08 02 
11 19 05 17 14 16 14 18 08 02 07 08 02 17 04 16 01 09 10 17 06 13 19 17 14 11 14 18 09 02 11 19 12 16 08 17 03 01 07 10 02 13 17 16 09 12 03 01 12 04 10 17 16 08 06 09 10 19 18 18 12 20 08 16 15 15 12 09 15 18 18 09 02 06 16 03 09 10 03 20 13 12 09 20 11 06 20 20 04 17 09 08 08 17 03 15 03 06 03 18 
04 01 18 17 18 13 19 07 02 02 18 06 05 18 05 16 03 04 07 19 12 16 06 19 12 20 13 14 05 08 03 20 20 20 17 17 04 15 15 17 08 13 02 05 10 18 12 05 01 18 03 04 13 08 03 16 19 07 02 03 06 16 15 05 08 11 14 11 17 08 20 17 12 13 01 14 11 04 18 11 01 20 07 06 19 09 01 09 07 14 11 05 10 17 09 17 19 14 19 16 
02 18 04 05 03 04 10 13 19 07 15 19 18 01 16 08 01 09 16 20 02 19 04 11 15 04 19 14 18 18 01 11 07 04 15 01 19 05 13 17 03 20 07 01 20 03 20 13 11 08 12 04 06 07 07 12 10 05 17 07 14 17 17 13 12 12 13 10 08 18 18 10 17 05 02 16 19 02 20 09 01 11 12 06 09 18 09 19 15 06 05 20 14 02 12 06 05 05 07 04 
14 17 13 10 13 07 17 11 20 17 11 20 19 14 17 08 04 05 06 18 02 02 17 08 15 01 13 19 17 11 02 10 19 07 19 11 13 15 01 12 03 03 11 02 17 07 01 20 03 06 09 17 19 17 04 14 09 08 04 05 18 06 14 09 04 04 19 16 11 12 19 13 14 01 06 02 19 18 13 01 03 01 17 14 10 12 07 18 19 10 03 09 07 08 17 10 04 15 17 14 
06 07 18 12 07 16 13 05 13 06 18 08 18 06 01 07 18 07 17 16 08 19 04 15 18 12 16 01 07 05 06 04 11 16 07 18 11 20 14 15 17 03 02 14 09 14 13 06 20 09 13 20 19 09 06 08 20 01 01 18 05 06 14 08 01 20 17 03 11 10 18 07 13 19 13 13 13 17 10 04 17 02 15 07 10 20 14 02 01 14 19 17 12 12 04 04 04 12 07 14 
02 04 13 06 14 17 10 18 05 19 14 01 20 08 19 02 08 12 15 20 18 05 08 01 17 12 04 12 15 02 05 16 05 09 13 11 05 02 20 01 12 13 01 04 13 11 17 12 03 11 03 12 15 10 04 03 13 07 14 08 09 11 15 05 11 08 07 08 01 07 08 05 11 01 08 15 11 04 06 05 14 08 08 20 18 11 03 02 18 08 09 18 18 04 02 01 03 09 08 15 
07 15 19 09 15 06 04 18 09 01 02 14 09 10 14 18 20 08 11 17 15 20 06 05 15 08 05 17 08 12 11 06 18 02 14 13 19 09 10 08 10 03 13 10 12 18 19 04 05 09 12 20 08 18 16 02 05 20 10 04 03 13 09 20 14 14 04 12 03 05 11 04 08 16 13 11 13 11 14 18 19 06 09 19 03 04 20 19 03 02 14 17 14 02 16 07 07 12 10 01 
08 13 04 07 08 16 18 20 06 03 17 17 20 05 15 02 20 06 12 02 07 05 10 20 18 18 18 05 09 20 05 08 12 09 15 19 16 12 10 14 06 19 10 06 03 16 19 03 13 11 16 12 07 18 03 05 15 01 01 15 20 17 02 03 17 16 13 13 19 02 06 05 20 07 02 15 02 20 09 06 02 16 17 01 13 20 17 07 20 17 01 11 05 03 05 02 10 17 14 09 
18 11 05 18 17 06 04 18 17 12 03 19 07 12 11 20 11 07 18 02 15 19 12 19 13 16 20 02 04 05 02 01 15 06 10 11 03 13 20 20 04 15 10 03 06 20 02 16 06 19 17 20 09 20 10 01 07 10 15 10 14 08 02 01 14 12 11 16 16 03 07 12 17 16 14 02 15 07 09 12 05 17 03 06 08 13 18 14 14 12 15 19 20 16 19 05 19 02 12 15 
04 19 06 20 06 19 13 01 05 13 04 01 09 19 06 16 11 04 01 04 07 15 02 18 02 01 02 01 02 06 15 17 04 12 16 09 10 20 01 06 12 17 18 12 15 04 19 17 19 19 20 17 05 13 15 06 05 08 06 18 13 12 14 08 03 01 09 04 12 01 09 03 17 19 06 11 02 16 07 12 06 18 20 10 03 06 08 07 14 05 05 18 17 10 18 11 11 06 15 02 
